-2.000  76.00000000
-1.996  74.72536781
-1.992  73.46143853
-1.988  72.20816315
-1.984  70.96549276
-1.980  69.73337856
-1.976  68.51177184
-1.972  67.30062398
-1.968  66.09988647
-1.964  64.90951091
-1.960  63.72944896
-1.956  62.55965242
-1.952  61.40007316
-1.948  60.25066316
-1.944  59.11137450
-1.940  57.98215936
-1.936  56.86297000
-1.932  55.75375881
-1.928  54.65447824
-1.924  53.56508087
-1.920  52.48551936
-1.916  51.41574648
-1.912  50.35571510
-1.908  49.30537816
-1.904  48.26468875
-1.900  47.23360000
-1.896  46.21206518
-1.892  45.20003765
-1.888  44.19747085
-1.884  43.20431833
-1.880  42.22053376
-1.876  41.24607087
-1.872  40.28088351
-1.868  39.32492563
-1.864  38.37815126
-1.860  37.44051456
-1.856  36.51196976
-1.852  35.59247119
-1.848  34.68197329
-1.844  33.78043061
-1.840  32.88779776
-1.836  32.00402949
-1.832  31.12908061
-1.828  30.26290606
-1.824  29.40546087
-1.820  28.55670016
-1.816  27.71657915
-1.812  26.88505316
-1.808  26.06207761
-1.804  25.24760802
-1.800  24.44160000
-1.796  23.64400927
-1.792  22.85479164
-1.788  22.07390303
-1.784  21.30129943
-1.780  20.53693696
-1.776  19.78077182
-1.772  19.03276032
-1.768  18.29285886
-1.764  17.56102394
-1.760  16.83721216
-1.756  16.12138021
-1.752  15.41348490
-1.748  14.71348310
-1.744  14.02133183
-1.740  13.33698816
-1.736  12.66040929
-1.732  11.99155250
-1.728  11.33037517
-1.724  10.67683480
-1.720  10.03088896
-1.716   9.39249533
-1.712   8.76161170
-1.708   8.13819593
-1.704   7.52220601
-1.700   6.91360000
-1.696   6.31233608
-1.692   5.71837252
-1.688   5.13166769
-1.684   4.55218004
-1.680   3.97986816
-1.676   3.41469070
-1.672   2.85660642
-1.668   2.30557418
-1.664   1.76155294
-1.660   1.22450176
-1.656   0.69437979
-1.652   0.17114629
-1.648  -0.34523940
-1.644  -0.85481783
-1.640  -1.35762944
-1.636  -1.85371459
-1.632  -2.34311354
-1.628  -2.82586644
-1.624  -3.30201335
-1.620  -3.77159424
-1.616  -4.23464896
-1.612  -4.69121728
-1.608  -5.14133887
-1.604  -5.58505328
-1.600  -6.02240000
-1.596  -6.45341839
-1.592  -6.87814772
-1.588  -7.29662718
-1.584  -7.70889582
-1.580  -8.11499264
-1.576  -8.51495651
-1.572  -8.90882621
-1.568  -9.29664043
-1.564  -9.67843774
-1.560 -10.05425664
-1.556 -10.42413551
-1.552 -10.78811265
-1.548 -11.14622623
-1.544 -11.49851437
-1.540 -11.84501504
-1.536 -12.18576615
-1.532 -12.52080549
-1.528 -12.85017077
-1.524 -13.17389959
-1.520 -13.49202944
-1.516 -13.80459774
-1.512 -14.11164178
-1.508 -14.41319878
-1.504 -14.70930585
-1.500 -15.00000000
-1.496 -15.28531814
-1.492 -15.56529709
-1.488 -15.83997356
-1.484 -16.10938417
-1.480 -16.37356544
-1.476 -16.63255380
-1.472 -16.88638556
-1.468 -17.13509695
-1.464 -17.37872410
-1.460 -17.61730304
-1.456 -17.85086969
-1.452 -18.07945990
-1.448 -18.30310938
-1.444 -18.52185378
-1.440 -18.73572864
-1.436 -18.94476939
-1.432 -19.14901137
-1.428 -19.34848983
-1.424 -19.54323990
-1.420 -19.73329664
-1.416 -19.91869499
-1.412 -20.09946980
-1.408 -20.27565582
-1.404 -20.44728770
-1.400 -20.61440000
-1.396 -20.77702717
-1.392 -20.93520357
-1.388 -21.08896346
-1.384 -21.23834099
-1.380 -21.38337024
-1.376 -21.52408516
-1.372 -21.66051962
-1.368 -21.79270740
-1.364 -21.92068214
-1.360 -22.04447744
-1.356 -22.16412676
-1.352 -22.27966347
-1.348 -22.39112085
-1.344 -22.49853208
-1.340 -22.60193024
-1.336 -22.70134831
-1.332 -22.79681917
-1.328 -22.88837560
-1.324 -22.97605029
-1.320 -23.05987584
-1.316 -23.13988472
-1.312 -23.21610934
-1.308 -23.28858198
-1.304 -23.35733483
-1.300 -23.42240000
-1.296 -23.48380948
-1.292 -23.54159517
-1.288 -23.59578888
-1.284 -23.64642230
-1.280 -23.69352704
-1.276 -23.73713461
-1.272 -23.77727641
-1.268 -23.81398376
-1.264 -23.84728787
-1.260 -23.87721984
-1.256 -23.90381070
-1.252 -23.92709136
-1.248 -23.94709264
-1.244 -23.96384526
-1.240 -23.97737984
-1.236 -23.98772691
-1.232 -23.99491688
-1.228 -23.99898009
-1.224 -23.99994677
-1.220 -23.99784704
-1.216 -23.99271094
-1.212 -23.98456840
-1.208 -23.97344925
-1.204 -23.95938324
-1.200 -23.94240000
-1.196 -23.92252907
-1.192 -23.89979990
-1.188 -23.87424182
-1.184 -23.84588408
-1.180 -23.81475584
-1.176 -23.78088613
-1.172 -23.74430392
-1.168 -23.70503805
-1.164 -23.66311727
-1.160 -23.61857024
-1.156 -23.57142552
-1.152 -23.52171157
-1.148 -23.46945675
-1.144 -23.41468932
-1.140 -23.35743744
-1.136 -23.29772918
-1.132 -23.23559252
-1.128 -23.17105530
-1.124 -23.10414532
-1.120 -23.03489024
-1.116 -22.96331763
-1.112 -22.88945498
-1.108 -22.81332965
-1.104 -22.73496893
-1.100 -22.65440000
-1.096 -22.57164994
-1.092 -22.48674574
-1.088 -22.39971428
-1.084 -22.31058235
-1.080 -22.21937664
-1.076 -22.12612374
-1.072 -22.03085015
-1.068 -21.93358225
-1.064 -21.83434635
-1.060 -21.73316864
-1.056 -21.63007522
-1.052 -21.52509210
-1.048 -21.41824518
-1.044 -21.30956025
-1.040 -21.19906304
-1.036 -21.08677914
-1.032 -20.97273407
-1.028 -20.85695324
-1.024 -20.73946196
-1.020 -20.62028544
-1.016 -20.49944881
-1.012 -20.37697708
-1.008 -20.25289517
-1.004 -20.12722790
-1.000 -20.00000000
-0.996 -19.87123609
-0.992 -19.74096070
-0.988 -19.60919826
-0.984 -19.47597310
-0.980 -19.34130944
-0.976 -19.20523143
-0.972 -19.06776309
-0.968 -18.92892837
-0.964 -18.78875111
-0.960 -18.64725504
-0.956 -18.50446381
-0.952 -18.36040095
-0.948 -18.21508993
-0.944 -18.06855407
-0.940 -17.92081664
-0.936 -17.77190078
-0.932 -17.62182955
-0.928 -17.47062589
-0.924 -17.31831267
-0.920 -17.16491264
-0.916 -17.01044846
-0.912 -16.85494270
-0.908 -16.69841780
-0.904 -16.54089615
-0.900 -16.38240000
-0.896 -16.22295152
-0.892 -16.06257279
-0.888 -15.90128576
-0.884 -15.73911232
-0.880 -15.57607424
-0.876 -15.41219319
-0.872 -15.24749076
-0.868 -15.08198842
-0.864 -14.91570755
-0.860 -14.74866944
-0.856 -14.58089527
-0.852 -14.41240612
-0.848 -14.24322299
-0.844 -14.07336677
-0.840 -13.90285824
-0.836 -13.73171810
-0.832 -13.55996694
-0.828 -13.38762526
-0.824 -13.21471346
-0.820 -13.04125184
-0.816 -12.86726060
-0.812 -12.69275983
-0.808 -12.51776956
-0.804 -12.34230968
-0.800 -12.16640000
-0.796 -11.99006023
-0.792 -11.81330999
-0.788 -11.63616878
-0.784 -11.45865603
-0.780 -11.28079104
-0.776 -11.10259304
-0.772 -10.92408115
-0.768 -10.74527438
-0.764 -10.56619167
-0.760 -10.38685184
-0.756 -10.20727361
-0.752 -10.02747562
-0.748  -9.84747638
-0.744  -9.66729435
-0.740  -9.48694784
-0.736  -9.30645510
-0.732  -9.12583426
-0.728  -8.94510336
-0.724  -8.76428034
-0.720  -8.58338304
-0.716  -8.40242921
-0.712  -8.22143649
-0.708  -8.04042244
-0.704  -7.85940449
-0.700  -7.67840000
-0.696  -7.49742622
-0.692  -7.31650031
-0.688  -7.13563932
-0.684  -6.95486021
-0.680  -6.77417984
-0.676  -6.59361497
-0.672  -6.41318226
-0.668  -6.23289827
-0.664  -6.05277947
-0.660  -5.87284224
-0.656  -5.69310283
-0.652  -5.51357743
-0.648  -5.33428209
-0.644  -5.15523280
-0.640  -4.97644544
-0.636  -4.79793578
-0.632  -4.61971949
-0.628  -4.44181217
-0.624  -4.26422929
-0.620  -4.08698624
-0.616  -3.91009831
-0.612  -3.73358067
-0.608  -3.55744843
-0.604  -3.38171658
-0.600  -3.20640000
-0.596  -3.03151349
-0.592  -2.85707176
-0.588  -2.68308938
-0.584  -2.50958088
-0.580  -2.33656064
-0.576  -2.16404297
-0.572  -1.99204208
-0.568  -1.82057207
-0.564  -1.64964696
-0.560  -1.47928064
-0.556  -1.30948694
-0.552  -1.14027956
-0.548  -0.97167212
-0.544  -0.80367814
-0.540  -0.63631104
-0.536  -0.46958413
-0.532  -0.30351065
-0.528  -0.13810370
-0.524   0.02662368
-0.520   0.19065856
-0.516   0.35398812
-0.512   0.51659963
-0.508   0.67848045
-0.504   0.83961805
-0.500   1.00000000
-0.496   1.15961396
-0.492   1.31844768
-0.488   1.47648904
-0.484   1.63372598
-0.480   1.79014656
-0.476   1.94573894
-0.472   2.10049137
-0.468   2.25439220
-0.464   2.40742988
-0.460   2.55959296
-0.456   2.71087008
-0.452   2.86124999
-0.448   3.01072153
-0.444   3.15927364
-0.440   3.30689536
-0.436   3.45357583
-0.432   3.59930428
-0.428   3.74407005
-0.424   3.88786256
-0.420   4.03067136
-0.416   4.17248607
-0.412   4.31329641
-0.408   4.45309221
-0.404   4.59186340
-0.400   4.72960000
-0.396   4.86629213
-0.392   5.00193000
-0.388   5.13650393
-0.384   5.27000435
-0.380   5.40242176
-0.376   5.53374677
-0.372   5.66397010
-0.368   5.79308256
-0.364   5.92107504
-0.360   6.04793856
-0.356   6.17366422
-0.352   6.29824322
-0.348   6.42166686
-0.344   6.54392654
-0.340   6.66501376
-0.336   6.78492011
-0.332   6.90363728
-0.328   7.02115707
-0.324   7.13747137
-0.320   7.25257216
-0.316   7.36645153
-0.312   7.47910167
-0.308   7.59051486
-0.304   7.70068347
-0.300   7.80960000
-0.296   7.91725702
-0.292   8.02364720
-0.288   8.12876331
-0.284   8.23259825
-0.280   8.33514496
-0.276   8.43639653
-0.272   8.53634612
-0.268   8.63498699
-0.264   8.73231252
-0.260   8.82831616
-0.256   8.92299148
-0.252   9.01633213
-0.248   9.10833187
-0.244   9.19898456
-0.240   9.28828416
-0.236   9.37622471
-0.232   9.46280037
-0.228   9.54800538
-0.224   9.63183410
-0.220   9.71428096
-0.216   9.79534052
-0.212   9.87500741
-0.208   9.95327638
-0.204  10.03014226
-0.200  10.10560000
-0.196  10.17964462
-0.192  10.25227127
-0.188  10.32347517
-0.184  10.39325166
-0.180  10.46159616
-0.176  10.52850420
-0.172  10.59397141
-0.168  10.65799351
-0.164  10.72056632
-0.160  10.78168576
-0.156  10.84134785
-0.152  10.89954872
-0.148  10.95628456
-0.144  11.01155171
-0.140  11.06534656
-0.136  11.11766563
-0.132  11.16850553
-0.128  11.21786297
-0.124  11.26573474
-0.120  11.31211776
-0.116  11.35700902
-0.112  11.40040563
-0.108  11.44230478
-0.104  11.48270377
-0.100  11.52160000
-0.096  11.55899095
-0.092  11.59487423
-0.088  11.62924751
-0.084  11.66210859
-0.080  11.69345536
-0.076  11.72328579
-0.072  11.75159798
-0.068  11.77839010
-0.064  11.80366044
-0.060  11.82740736
-0.056  11.84962935
-0.052  11.87032499
-0.048  11.88949293
-0.044  11.90713197
-0.040  11.92324096
-0.036  11.93781887
-0.032  11.95086478
-0.028  11.96237783
-0.024  11.97235731
-0.020  11.98080256
-0.016  11.98771305
-0.012  11.99308833
-0.008  11.99692807
-0.004  11.99923200
 0.000  12.00000000
 0.004  11.99923200
 0.008  11.99692807
 0.012  11.99308833
 0.016  11.98771305
 0.020  11.98080256
 0.024  11.97235731
 0.028  11.96237783
 0.032  11.95086478
 0.036  11.93781887
 0.040  11.92324096
 0.044  11.90713197
 0.048  11.88949293
 0.052  11.87032499
 0.056  11.84962935
 0.060  11.82740736
 0.064  11.80366044
 0.068  11.77839010
 0.072  11.75159798
 0.076  11.72328579
 0.080  11.69345536
 0.084  11.66210859
 0.088  11.62924751
 0.092  11.59487423
 0.096  11.55899095
 0.100  11.52160000
 0.104  11.48270377
 0.108  11.44230478
 0.112  11.40040563
 0.116  11.35700902
 0.120  11.31211776
 0.124  11.26573474
 0.128  11.21786297
 0.132  11.16850553
 0.136  11.11766563
 0.140  11.06534656
 0.144  11.01155171
 0.148  10.95628456
 0.152  10.89954872
 0.156  10.84134785
 0.160  10.78168576
 0.164  10.72056632
 0.168  10.65799351
 0.172  10.59397141
 0.176  10.52850420
 0.180  10.46159616
 0.184  10.39325166
 0.188  10.32347517
 0.192  10.25227127
 0.196  10.17964462
 0.200  10.10560000
 0.204  10.03014226
 0.208   9.95327638
 0.212   9.87500741
 0.216   9.79534052
 0.220   9.71428096
 0.224   9.63183410
 0.228   9.54800538
 0.232   9.46280037
 0.236   9.37622471
 0.240   9.28828416
 0.244   9.19898456
 0.248   9.10833187
 0.252   9.01633213
 0.256   8.92299148
 0.260   8.82831616
 0.264   8.73231252
 0.268   8.63498699
 0.272   8.53634612
 0.276   8.43639653
 0.280   8.33514496
 0.284   8.23259825
 0.288   8.12876331
 0.292   8.02364720
 0.296   7.91725702
 0.300   7.80960000
 0.304   7.70068347
 0.308   7.59051486
 0.312   7.47910167
 0.316   7.36645153
 0.320   7.25257216
 0.324   7.13747137
 0.328   7.02115707
 0.332   6.90363728
 0.336   6.78492011
 0.340   6.66501376
 0.344   6.54392654
 0.348   6.42166686
 0.352   6.29824322
 0.356   6.17366422
 0.360   6.04793856
 0.364   5.92107504
 0.368   5.79308256
 0.372   5.66397010
 0.376   5.53374677
 0.380   5.40242176
 0.384   5.27000435
 0.388   5.13650393
 0.392   5.00193000
 0.396   4.86629213
 0.400   4.72960000
 0.404   4.59186340
 0.408   4.45309221
 0.412   4.31329641
 0.416   4.17248607
 0.420   4.03067136
 0.424   3.88786256
 0.428   3.74407005
 0.432   3.59930428
 0.436   3.45357583
 0.440   3.30689536
 0.444   3.15927364
 0.448   3.01072153
 0.452   2.86124999
 0.456   2.71087008
 0.460   2.55959296
 0.464   2.40742988
 0.468   2.25439220
 0.472   2.10049137
 0.476   1.94573894
 0.480   1.79014656
 0.484   1.63372598
 0.488   1.47648904
 0.492   1.31844768
 0.496   1.15961396
 0.500   1.00000000
 0.504   0.83961805
 0.508   0.67848045
 0.512   0.51659963
 0.516   0.35398812
 0.520   0.19065856
 0.524   0.02662368
 0.528  -0.13810370
 0.532  -0.30351065
 0.536  -0.46958413
 0.540  -0.63631104
 0.544  -0.80367814
 0.548  -0.97167212
 0.552  -1.14027956
 0.556  -1.30948694
 0.560  -1.47928064
 0.564  -1.64964696
 0.568  -1.82057207
 0.572  -1.99204208
 0.576  -2.16404297
 0.580  -2.33656064
 0.584  -2.50958088
 0.588  -2.68308938
 0.592  -2.85707176
 0.596  -3.03151349
 0.600  -3.20640000
 0.604  -3.38171658
 0.608  -3.55744843
 0.612  -3.73358067
 0.616  -3.91009831
 0.620  -4.08698624
 0.624  -4.26422929
 0.628  -4.44181217
 0.632  -4.61971949
 0.636  -4.79793578
 0.640  -4.97644544
 0.644  -5.15523280
 0.648  -5.33428209
 0.652  -5.51357743
 0.656  -5.69310283
 0.660  -5.87284224
 0.664  -6.05277947
 0.668  -6.23289827
 0.672  -6.41318226
 0.676  -6.59361497
 0.680  -6.77417984
 0.684  -6.95486021
 0.688  -7.13563932
 0.692  -7.31650031
 0.696  -7.49742622
 0.700  -7.67840000
 0.704  -7.85940449
 0.708  -8.04042244
 0.712  -8.22143649
 0.716  -8.40242921
 0.720  -8.58338304
 0.724  -8.76428034
 0.728  -8.94510336
 0.732  -9.12583426
 0.736  -9.30645510
 0.740  -9.48694784
 0.744  -9.66729435
 0.748  -9.84747638
 0.752 -10.02747562
 0.756 -10.20727361
 0.760 -10.38685184
 0.764 -10.56619167
 0.768 -10.74527438
 0.772 -10.92408115
 0.776 -11.10259304
 0.780 -11.28079104
 0.784 -11.45865603
 0.788 -11.63616878
 0.792 -11.81330999
 0.796 -11.99006023
 0.800 -12.16640000
 0.804 -12.34230968
 0.808 -12.51776956
 0.812 -12.69275983
 0.816 -12.86726060
 0.820 -13.04125184
 0.824 -13.21471346
 0.828 -13.38762526
 0.832 -13.55996694
 0.836 -13.73171810
 0.840 -13.90285824
 0.844 -14.07336677
 0.848 -14.24322299
 0.852 -14.41240612
 0.856 -14.58089527
 0.860 -14.74866944
 0.864 -14.91570755
 0.868 -15.08198842
 0.872 -15.24749076
 0.876 -15.41219319
 0.880 -15.57607424
 0.884 -15.73911232
 0.888 -15.90128576
 0.892 -16.06257279
 0.896 -16.22295152
 0.900 -16.38240000
 0.904 -16.54089615
 0.908 -16.69841780
 0.912 -16.85494270
 0.916 -17.01044846
 0.920 -17.16491264
 0.924 -17.31831267
 0.928 -17.47062589
 0.932 -17.62182955
 0.936 -17.77190078
 0.940 -17.92081664
 0.944 -18.06855407
 0.948 -18.21508993
 0.952 -18.36040095
 0.956 -18.50446381
 0.960 -18.64725504
 0.964 -18.78875111
 0.968 -18.92892837
 0.972 -19.06776309
 0.976 -19.20523143
 0.980 -19.34130944
 0.984 -19.47597310
 0.988 -19.60919826
 0.992 -19.74096070
 0.996 -19.87123609
 1.000 -20.00000000
 1.004 -20.12722790
 1.008 -20.25289517
 1.012 -20.37697708
 1.016 -20.49944881
 1.020 -20.62028544
 1.024 -20.73946196
 1.028 -20.85695324
 1.032 -20.97273407
 1.036 -21.08677914
 1.040 -21.19906304
 1.044 -21.30956025
 1.048 -21.41824518
 1.052 -21.52509210
 1.056 -21.63007522
 1.060 -21.73316864
 1.064 -21.83434635
 1.068 -21.93358225
 1.072 -22.03085015
 1.076 -22.12612374
 1.080 -22.21937664
 1.084 -22.31058235
 1.088 -22.39971428
 1.092 -22.48674574
 1.096 -22.57164994
 1.100 -22.65440000
 1.104 -22.73496893
 1.108 -22.81332965
 1.112 -22.88945498
 1.116 -22.96331763
 1.120 -23.03489024
 1.124 -23.10414532
 1.128 -23.17105530
 1.132 -23.23559252
 1.136 -23.29772918
 1.140 -23.35743744
 1.144 -23.41468932
 1.148 -23.46945675
 1.152 -23.52171157
 1.156 -23.57142552
 1.160 -23.61857024
 1.164 -23.66311727
 1.168 -23.70503805
 1.172 -23.74430392
 1.176 -23.78088613
 1.180 -23.81475584
 1.184 -23.84588408
 1.188 -23.87424182
 1.192 -23.89979990
 1.196 -23.92252907
 1.200 -23.94240000
 1.204 -23.95938324
 1.208 -23.97344925
 1.212 -23.98456840
 1.216 -23.99271094
 1.220 -23.99784704
 1.224 -23.99994677
 1.228 -23.99898009
 1.232 -23.99491688
 1.236 -23.98772691
 1.240 -23.97737984
 1.244 -23.96384526
 1.248 -23.94709264
 1.252 -23.92709136
 1.256 -23.90381070
 1.260 -23.87721984
 1.264 -23.84728787
 1.268 -23.81398376
 1.272 -23.77727641
 1.276 -23.73713461
 1.280 -23.69352704
 1.284 -23.64642230
 1.288 -23.59578888
 1.292 -23.54159517
 1.296 -23.48380948
 1.300 -23.42240000
 1.304 -23.35733483
 1.308 -23.28858198
 1.312 -23.21610934
 1.316 -23.13988472
 1.320 -23.05987584
 1.324 -22.97605029
 1.328 -22.88837560
 1.332 -22.79681917
 1.336 -22.70134831
 1.340 -22.60193024
 1.344 -22.49853208
 1.348 -22.39112085
 1.352 -22.27966347
 1.356 -22.16412676
 1.360 -22.04447744
 1.364 -21.92068214
 1.368 -21.79270740
 1.372 -21.66051962
 1.376 -21.52408516
 1.380 -21.38337024
 1.384 -21.23834099
 1.388 -21.08896346
 1.392 -20.93520357
 1.396 -20.77702717
 1.400 -20.61440000
 1.404 -20.44728770
 1.408 -20.27565582
 1.412 -20.09946980
 1.416 -19.91869499
 1.420 -19.73329664
 1.424 -19.54323990
 1.428 -19.34848983
 1.432 -19.14901137
 1.436 -18.94476939
 1.440 -18.73572864
 1.444 -18.52185378
 1.448 -18.30310938
 1.452 -18.07945990
 1.456 -17.85086969
 1.460 -17.61730304
 1.464 -17.37872410
 1.468 -17.13509695
 1.472 -16.88638556
 1.476 -16.63255380
 1.480 -16.37356544
 1.484 -16.10938417
 1.488 -15.83997356
 1.492 -15.56529709
 1.496 -15.28531814
 1.500 -15.00000000
 1.504 -14.70930585
 1.508 -14.41319878
 1.512 -14.11164178
 1.516 -13.80459774
 1.520 -13.49202944
 1.524 -13.17389959
 1.528 -12.85017077
 1.532 -12.52080549
 1.536 -12.18576615
 1.540 -11.84501504
 1.544 -11.49851437
 1.548 -11.14622623
 1.552 -10.78811265
 1.556 -10.42413551
 1.560 -10.05425664
 1.564  -9.67843774
 1.568  -9.29664043
 1.572  -8.90882621
 1.576  -8.51495651
 1.580  -8.11499264
 1.584  -7.70889582
 1.588  -7.29662718
 1.592  -6.87814772
 1.596  -6.45341839
 1.600  -6.02240000
 1.604  -5.58505328
 1.608  -5.14133887
 1.612  -4.69121728
 1.616  -4.23464896
 1.620  -3.77159424
 1.624  -3.30201335
 1.628  -2.82586644
 1.632  -2.34311354
 1.636  -1.85371459
 1.640  -1.35762944
 1.644  -0.85481783
 1.648  -0.34523940
 1.652   0.17114629
 1.656   0.69437979
 1.660   1.22450176
 1.664   1.76155294
 1.668   2.30557418
 1.672   2.85660642
 1.676   3.41469070
 1.680   3.97986816
 1.684   4.55218004
 1.688   5.13166769
 1.692   5.71837252
 1.696   6.31233608
 1.700   6.91360000
 1.704   7.52220601
 1.708   8.13819593
 1.712   8.76161170
 1.716   9.39249533
 1.720  10.03088896
 1.724  10.67683480
 1.728  11.33037517
 1.732  11.99155250
 1.736  12.66040929
 1.740  13.33698816
 1.744  14.02133183
 1.748  14.71348310
 1.752  15.41348490
 1.756  16.12138021
 1.760  16.83721216
 1.764  17.56102394
 1.768  18.29285886
 1.772  19.03276032
 1.776  19.78077182
 1.780  20.53693696
 1.784  21.30129943
 1.788  22.07390303
 1.792  22.85479164
 1.796  23.64400927
 1.800  24.44160000
 1.804  25.24760802
 1.808  26.06207761
 1.812  26.88505316
 1.816  27.71657915
 1.820  28.55670016
 1.824  29.40546087
 1.828  30.26290606
 1.832  31.12908061
 1.836  32.00402949
 1.840  32.88779776
 1.844  33.78043061
 1.848  34.68197329
 1.852  35.59247119
 1.856  36.51196976
 1.860  37.44051456
 1.864  38.37815126
 1.868  39.32492563
 1.872  40.28088351
 1.876  41.24607087
 1.880  42.22053376
 1.884  43.20431833
 1.888  44.19747085
 1.892  45.20003765
 1.896  46.21206518
 1.900  47.23360000
 1.904  48.26468875
 1.908  49.30537816
 1.912  50.35571510
 1.916  51.41574648
 1.920  52.48551936
 1.924  53.56508087
 1.928  54.65447824
 1.932  55.75375881
 1.936  56.86297000
 1.940  57.98215936
 1.944  59.11137450
 1.948  60.25066316
 1.952  61.40007316
 1.956  62.55965242
 1.960  63.72944896
 1.964  64.90951091
 1.968  66.09988647
 1.972  67.30062398
 1.976  68.51177184
 1.980  69.73337856
 1.984  70.96549276
 1.988  72.20816315
 1.992  73.46143853
 1.996  74.72536781
