  -2.0000e+00   4.0000e+00
  -1.9596e+00   3.8400e+00
  -1.9192e+00   3.6833e+00
  -1.8788e+00   3.5298e+00
  -1.8384e+00   3.3797e+00
  -1.7980e+00   3.2327e+00
  -1.7576e+00   3.0891e+00
  -1.7172e+00   2.9487e+00
  -1.6768e+00   2.8115e+00
  -1.6364e+00   2.6777e+00
  -1.5960e+00   2.5471e+00
  -1.5556e+00   2.4198e+00
  -1.5152e+00   2.2957e+00
  -1.4747e+00   2.1749e+00
  -1.4343e+00   2.0573e+00
  -1.3939e+00   1.9431e+00
  -1.3535e+00   1.8321e+00
  -1.3131e+00   1.7243e+00
  -1.2727e+00   1.6198e+00
  -1.2323e+00   1.5186e+00
  -1.1919e+00   1.4207e+00
  -1.1515e+00   1.3260e+00
  -1.1111e+00   1.2346e+00
  -1.0707e+00   1.1464e+00
  -1.0303e+00   1.0615e+00
  -9.8990e-01   9.7990e-01
  -9.4949e-01   9.0154e-01
  -9.0909e-01   8.2645e-01
  -8.6869e-01   7.5462e-01
  -8.2828e-01   6.8605e-01
  -7.8788e-01   6.2075e-01
  -7.4747e-01   5.5872e-01
  -7.0707e-01   4.9995e-01
  -6.6667e-01   4.4444e-01
  -6.2626e-01   3.9220e-01
  -5.8586e-01   3.4323e-01
  -5.4545e-01   2.9752e-01
  -5.0505e-01   2.5508e-01
  -4.6465e-01   2.1590e-01
  -4.2424e-01   1.7998e-01
  -3.8384e-01   1.4733e-01
  -3.4343e-01   1.1795e-01
  -3.0303e-01   9.1827e-02
  -2.6263e-01   6.8973e-02
  -2.2222e-01   4.9383e-02
  -1.8182e-01   3.3058e-02
  -1.4141e-01   1.9998e-02
  -1.0101e-01   1.0203e-02
  -6.0606e-02   3.6731e-03
  -2.0202e-02   4.0812e-04
   2.0202e-02   4.0812e-04
   6.0606e-02   3.6731e-03
   1.0101e-01   1.0203e-02
   1.4141e-01   1.9998e-02
   1.8182e-01   3.3058e-02
   2.2222e-01   4.9383e-02
   2.6263e-01   6.8973e-02
   3.0303e-01   9.1827e-02
   3.4343e-01   1.1795e-01
   3.8384e-01   1.4733e-01
   4.2424e-01   1.7998e-01
   4.6465e-01   2.1590e-01
   5.0505e-01   2.5508e-01
   5.4545e-01   2.9752e-01
   5.8586e-01   3.4323e-01
   6.2626e-01   3.9220e-01
   6.6667e-01   4.4444e-01
   7.0707e-01   4.9995e-01
   7.4747e-01   5.5872e-01
   7.8788e-01   6.2075e-01
   8.2828e-01   6.8605e-01
   8.6869e-01   7.5462e-01
   9.0909e-01   8.2645e-01
   9.4949e-01   9.0154e-01
   9.8990e-01   9.7990e-01
   1.0303e+00   1.0615e+00
   1.0707e+00   1.1464e+00
   1.1111e+00   1.2346e+00
   1.1515e+00   1.3260e+00
   1.1919e+00   1.4207e+00
   1.2323e+00   1.5186e+00
   1.2727e+00   1.6198e+00
   1.3131e+00   1.7243e+00
   1.3535e+00   1.8321e+00
   1.3939e+00   1.9431e+00
   1.4343e+00   2.0573e+00
   1.4747e+00   2.1749e+00
   1.5152e+00   2.2957e+00
   1.5556e+00   2.4198e+00
   1.5960e+00   2.5471e+00
   1.6364e+00   2.6777e+00
   1.6768e+00   2.8115e+00
   1.7172e+00   2.9487e+00
   1.7576e+00   3.0891e+00
   1.7980e+00   3.2327e+00
   1.8384e+00   3.3797e+00
   1.8788e+00   3.5298e+00
   1.9192e+00   3.6833e+00
   1.9596e+00   3.8400e+00
   2.0000e+00   4.0000e+00
